2.129245679463562e-01 2.129245679463562e-01 -1.707725395824782e-02 -8.362085883691838e-01 -1.494367115193584e-01 2.623856583853226e-01 -7.066280192976307e-01 -4.146133911179940e-02 -2.917110340980705e-01 -9.803639728654913e-02 4.508447825589101e-01 -1.647636162043197e-01 1.479180832633591e-01
-6.362466061703154e-02 -6.362466061703154e-02 1.262457793754692e-02 1.813506972792217e-01 -5.679763428571803e-02 8.040138646798244e-02 9.792192575227518e-03 2.461819059777588e-02 1.058192998973002e-01 2.497894976186576e-03 -5.378235297731036e-02 -6.086645479559215e-02 -6.433285146475848e-02
-4.570497187469297e-01 -4.570497187469297e-01 -2.273480564751742e-02 1.982425094310029e+00 1.539098563944699e-01 -5.737978218652727e-01 1.555350301198464e+00 4.442680997273570e-02 8.682731368927621e-01 3.206164957292715e-01 -9.001236344376239e-01 2.315417044263981e-01 -2.354391439493277e-01
-4.149453109162670e-01 -4.149453109162670e-01 -1.828766746557624e-02 1.765999443838356e+00 1.490164521320579e-01 -4.436358437767752e-01 1.351046304743051e+00 1.190732308380472e-02 7.813148639726535e-01 2.649344647034914e-01 -7.873842446523922e-01 2.295736177524611e-01 -2.402662715412170e-01
2.574153037461558e-01 2.574153037461558e-01 1.430553960523458e-02 -1.262989426383123e+00 -1.103846596085457e-01 4.041619447388562e-01 -1.041032322472345e+00 1.438382986788924e-02 -5.160254330584889e-01 -1.729197578367322e-01 5.255259755271394e-01 -1.739677522198695e-01 1.711503299392340e-01
-3.437026243498144e-01 -3.437026243498144e-01 -3.039811987348824e-02 1.658525869180103e+00 9.337806731665126e-02 -4.415384356787754e-01 1.302740427688566e+00 4.643625795579322e-02 7.841454971301952e-01 2.771594503971520e-01 -7.416733557384324e-01 2.050001322154955e-01 -2.309194702223731e-01
-1.471343614689267e-01 -1.471343614689267e-01 -1.524255667843330e-02 6.984247033845390e-01 -1.411238496649845e-02 -1.461054734264478e-01 4.819021105012545e-01 4.989320913966854e-02 3.417584162370846e-01 1.333000671832121e-01 -2.459395671061919e-01 6.864022760210609e-02 -8.830100440762927e-02
1.033021690377500e+00 1.033021690377500e+00 1.190363290962114e-01 -4.191978561086072e+00 -2.901087140814466e-01 1.187361648444891e+00 -3.302354614328673e+00 -6.790683631632273e-02 -1.815623363108059e+00 -5.961790319108453e-01 1.867420468536609e+00 -5.937757590544832e-01 6.376532940741685e-01
-3.796693328012809e-01 -3.796693328012809e-01 9.493619840425307e-04 1.584293929162396e+00 1.319415263147458e-01 -4.544180034906010e-01 1.233939522537595e+00 1.269996903803872e-02 6.653528839642850e-01 2.731683527307021e-01 -7.430289851108880e-01 2.252414348232904e-01 -2.270291081272202e-01
7.703052938763263e-02 7.703052938763263e-02 -4.379522748101264e-03 -2.030392991037674e-01 -9.315024326977660e-03 1.087924994182080e-01 -2.476283011771969e-01 3.988892385397187e-03 -9.230504272817255e-02 -3.143597453774916e-02 6.250954235551998e-02 -4.052772246838551e-02 4.298785275498995e-02
-5.027014104931422e-01 -5.027014104931422e-01 -4.642873757719108e-02 2.421264658714735e+00 1.251850551136280e-01 -7.445042808297323e-01 1.843879108785377e+00 4.538359577001122e-02 1.142615191439625e+00 3.796437019036176e-01 -1.003988631196340e+00 3.169814997396455e-01 -3.559581572903630e-01
-4.455227556063173e-01 -4.455227556063173e-01 -3.849520849744138e-02 2.243850121595627e+00 2.707679143505057e-01 -6.824027816002993e-01 1.758881911151273e+00 1.992052701194146e-02 9.523027883927276e-01 3.774393688587278e-01 -1.025055723469619e+00 3.157514326930022e-01 -3.113901649595654e-01
